11111111100000010100000100011100
00000000000100010111001000000100
00000000100000010111000000000100
00000000100000010100010000011100
00000000000000000100001010011100
00000000000001010011001100000100
00000000110000000000000000001000
00000000000100101100001010011100
00000000010101010000010110011100
00000000000001011011001100000100
11111110000000110001100010001100
00000000000000101100010100011100
00000000010000010010000010000100
00000000000000010010010000000100
00000000100000010100000100011100
00000000000000001000000001001000
11111111100000010100000100011100
00000000000100010111001000000100
00000000100000010111000000000100
00000000000000000100001010011100
00000000000000000100001100011100
00000000011001010000111010011100
00000000000011101011001110000100
00000000011001011000111010011100
00000000000011101011111000000100
00000000000100110100001100011100
00000001110000111001010000001100
11111110110000110010001010001100
00000000110000000000000000001000
11111111111100000100001010011100
00000001110000111010001000001100
00000000000100000100001010011100
00000000000000101100010100011100
00000000010000010010000010000100
00000000000000010010010000000100
00000000100000010100000100011100
00000000000000001000000001001000
11111111010000010100000100011100
00000000000100010111010000000100
00000000100000010111001000000100
00000000101000010111000000000100
11110101100111111111000010001000
00000000000001010100100100011100
00000000000000000100001010011100
00001111111100000100001100011100
00000001000000000000000000001000
00000000001000101100001110010000
00000000100100111000001110011100
00000001001000111111000000000100
00000000000100101100001010011100
11111110010100110011011010001100
00000000000000000100001010011100
00000000000010010100001100011100
00000010010000000000000000001000
00000000000000010010001110000100
00000000010100111000001110011100
00000000000000111011001110000100
00000000001000111100001110010000
00000000100100111000001110011100
00000000010110010010111000011100
11111111111111100100111000011100
00000001110000111111000000000100
00000000000100101100001010011100
11111100011000101010110010001100
00000000000000010010100110000100
00000000100000010010000010000100
00000000010000010010010000000100
00000000110000010100000100011100
00000000000000001000000001001000
11111110010000010100000100011100
00000000000100010111110000000100
00000000100000010111101000000100
00000000101000010111100000000100
00000001010000010111011000000100
00000001010100010111010000000100
00000001011000010111001000000100
00000001011100010111000000000100
11111111111110010100101010011100
11101100010111111111000010001000
00000000000001010100101110011100
00000110000000000000000000001000
00000001010010101000101010011100
00000101011110101011110000001100
00000001000000010010001010000100
00000001010100101000001010011100
00000000000000101011001010000100
00000000001000101100001010010000
00000000100100101000001010011100
00000000000000101010001010000100
00000000000000101100101000011100
11111100000010100001110010001100
00000010000010100001101000001100
00000001001010101010001010011100
00000000000100101100001010011100
00000001000000010010001100000100
00000000011000101000001010011100
00000000000000101100101100011100
00000000000010011100010100011100
00000000000010110100010110011100
00000000000010010100011000011100
11101010110111111111000010001000
00000000000001010001010000001100
00000000000010110100010100011100
00000000110000000000000000001000
00000000000110101100101010011100
11111011011110101010000010001100
00000000000000000100010100011100
00000001100000010010000010000100
00000001010000010010010000000100
00000000110000010010101000000100
00000000100000010010101010000100
00000000010000010010101100000100
00000000000000010010101110000100
00000001110000010100000100011100
00000000000000001000000001001000
01100000000000000100010010011100
00000000000101001100010010010000
11111111110001001100000100011100
00010101110000000100101010011100
01000100010000000100101100011100
00000000000110110100101100010000
00000000000000000100101110011100
00000010100000000000000000001000
00000000001010111100010100010000
00000001010101010000010100011100
00000000000001010010010100000100
11101001100111111111000010001000
00000000001010111100010100010000
00000001011001010000010100011100
00000000000001010010010100000100
11110000100111111111000010001000
00000000000001010100110010011100
00000000000110111100101110011100
00000000001010111100001010010000
00000001010100101000001010011100
00000000000000101010001010000100
11111100010100000001010010001100
