01100001011000100110001000000000
01111001011011110111010100000000
01101110011011110111010000000000
01101001011101000000000001100100
01100001011001000000000001111001
01101111011011110000000001101000
01101111011011110000000001101111
01101111000000000110111101101000
00000000011110000111100000000000
01111000011110000000000001111000
00000000011110000000000001100110
01101001011001010110110001100100
00000000011011100110010101110111
00000000011100100110111101110111
00000000011100100110010101100111
01101001011011010110010100000000
01100010011011110110111101101101
00000000011101000110100001100001
01110100000000000110100101101101
01110000011000010110001101110100
00000000011000010110111001100100
00000000011110100110111101101111
01101101000000000111010001100101
01111000011101000111010101110010
01100101000000000110110101100001
01100111011011100110010101110100
00000000011001000110111101101111
01101101000000000110110001101111
01101111011011010000000001100110
01110010011001010111000100000000
01100011011101010111001001110010
01100101011011100111010000000000
01110000011010000110000101110011
01100101000000000110100101101101
01100001011001110110010101110011
00000000011000010111000001110000
01100101011000010111001001110011
00000000011100000110100001100001
01110011011001010000000001100011
01101111011011100110010001110101
01100011011101000110111101110010
00000000011101110110000101110110
01100101011110100000000001101110
01101111011100100110110101100001
01101100000000000110011001110010
01100101011001010000000001110100
01100101011100100110110101100101
01100100000000000111000001110010
01101111011101100110100101100100
01100101000000000110011001101111
01110010000000000110000101101110
01100100000000000111001101110100
01110010011101010110001101110100
00000000011000010110001001101111
01110101011101000000000001101000
01100001011101100110010100000000
01110000011100100110111101110000
01100101011100100000000001101001
01101110011101100110111101101100
01110110011001010000000001100100
01100101011100110110001101110010
01101001011000100110010101100100
01101100011110010000000001110100
01101000011000010111010001110011
00000000011100110111000001100001
01100011011001010111001100000000
01100011011010010111001001100011
01110101011011010111001101110100
01100001011011100110001101100101
00000000011101000110100001100101
00000000011011010110010101101101
01100010011001010111001000000000
01110011011101010110001101101000
00000000011001110111010101101001
01100100011001010000000001110010
01100101011001110110000101110010
01100100000000000110111101100110
01100110011010010110001101100101
01110010011100110000000001101001
01101101011100000110110001100101
01101101011001010110111001110100
00000000011100000111001001101001
01101110011000110110100101110000
01100001011011000110100101110100
01101001011001010111001100000000
00000000000000000000000000000000
00000000000000000000000000000000
00000000000000000000000000000100
00000000000000000000000000001000
00000000000000000000000000001100
00000000000000000000000000001111
00000000000000000000000000010011
00000000000000000000000000010111
00000000000000000000000000011011
00000000000000000000000000011110
00000000000000000000000000100001
00000000000000000000000000100100
00000000000000000000000000100111
00000000000000000000000000101001
00000000000000000000000000101011
00000000000000000000000000110001
00000000000000000000000000110101
00000000000000000000000000111001
00000000000000000000000001000000
00000000000000000000000001000101
00000000000000000000000001001010
00000000000000000000000001010001
00000000000000000000000001010101
00000000000000000000000001011010
00000000000000000000000001100010
00000000000000000000000001101001
00000000000000000000000001101110
00000000000000000000000001110011
00000000000000000000000001111000
00000000000000000000000010000000
00000000000000000000000010000110
00000000000000000000000010001101
00000000000000000000000010010101
00000000000000000000000010011011
00000000000000000000000010100101
00000000000000000000000010101011
00000000000000000000000010110010
00000000000000000000000010110111
00000000000000000000000010111110
00000000000000000000000011000110
00000000000000000000000011001010
00000000000000000000000011001110
00000000000000000000000011010101
00000000000000000000000011011011
00000000000000000000000011100000
00000000000000000000000011100111
00000000000000000000000011101111
00000000000000000000000011111011
00000000000000000000000100000001
00000000000000000000000100001000
00000000000000000000000100010101
00000000000000000000000100011001
00000000000000000000000100100000
00000000000000000000000100100101
00000000000000000000000100101011
00000000000000000000000100110010
00000000000000000000000100111011
00000000000000000000000101000101
00000000000000000000000101010100
01100011011000010110001001100010
01101001011001010000000001111001
01101111011101010111001000000000
01001001011101000010000001101001
01110011011011100010011101110100
00100000011010000110010101110010
01100101000000000100001001110101
01110100001000000110100101110100
00100000011010010111001100100000
01101000011001010111001001100101
00000000011010000110111101100100
01100001011001000000000001111001
01101111011011110110100001101111
01101111000000000111100101101111
01101111011010000110111101101111
00000000011110010110111101101111
01101000011011110110111100000000
01111001011011110110111101101000
01101111011011110000000001111001
01101111011011110110100001101111
01101111000000000111100001111000
00000000011110000000000000101110
00000000010010010110111000100000
01110010011001010110001101100101
01101110011101000010000001111001
01100101011000010111001001110011
00101100001000000111010001101000
01100101001000000110011001101001
01100101011011000110010000100000
01101111011001100010000001110000
01101000011011110111010001101111
01101110011010010110001100100000
00000000011000110111001001111001
01110011011101000110000101101100
01110011001000000110100001100001
01110011001000000110011001101111
01110101011011100110010000100000
01101110011001010111011100000000
01100001011100000111000001101100
01101001011000110110000101110100
01101001011011110110111001110011
00100000011010010110111000100000
01110100011010000110010100100000
01010010010001100010000001100001
01101110011001000010000001101101
01101001011000110111001001101111
01110111011000010111011001100101
00000000011100100110010101100111
01101001011011010110010100101110
00100000010000010010000001101110
01100101011101110010000001110100
01111001011100000110010100100000
01101111011001100010000001101101
01100101011101000110000101101100
01101100011010010110001100000000
01100101011011000110010101100011
01110100011100100110111101101101
01100001011001110110111001100101
01110100011010010110001100100000
01100011011100100111100101110011
01110100011000010110110000100000
01101000011000010111001100100000
01100010011001010110010101101110
00000000011001000110010101110110
01100101011011000110111101110000
01100101011001000010000001110100
01101000011000010111010000100000
01101001011100110010000001101000
01100001011101100110100101101110
01100111001000000110000100000000
01110011011010010110011101101110
01101001011001100110100101100011
01100001011011100111010000100000
01101001011011010111000001100001
01100011011101000010000001101111
01101110001000000111010001101000
01100101001000000110011001101001
01100101011011000110010000100000
01101111011001100000000001100001
01101110011101000110010101101110
01101110011000010111001100101110
00100000010010010111010000100000
01100011011011110110111001110011
01101001011100110111010001110011
00100000011011110110011000100000
01100001000000000110001101101111
01101110011001000111010101100011
01110100011010010111011001100101
00100000011100110111010101110010
01100110011000010110001101100101
00101100001000000110001101101111
01110110011001010111001001100101
01100100001000000111011101101001
01110100011010000010000001100001
00000000011100110111000001100101
01100011011010010110000101101100
00100000011101000110010101111000
01110100011101010111001001100101
00100000011101110110100001101001
01100011011010000010000001100001
01101100011101000110010101110010
01110011001000000110100101110100
01110011000000000110010101101100
01100101011000110111010001110010
01101111011011010110000101100111
01101110011001010111010001101001
01100011001000000111000001110010
01101111011100000110010101110010
01110100011010010110010101110011
00101110001000000100110101100001
01100100011001010010000001101111
01100110001000000111001101101111
01101100011010010110010000000000
01101101011001010111010001100001
01101100001011000010000001110100
01101000011001010010000001110011
01110100011100100111010101100011
01110100011101010111001001100101
00000000011000110110111101101110
01100100011101010110001101110100
01110011001000000100010001000011
00100000011000110111010101110010
01110010011001010110111001110100
01110011001011000010000001100010
01110101011101000010000001101111
01110110011001010111001000100000
01100001000000000111000001100001
01110010011101000110100101100011
01110101011011000110000101110010
00100000011001100111001001100101
01110001011101010110010101101110
01100011011110010010000001110010
01100001011011100110011101100101
00100000011010010111010000100000
01100100011011110110010101110011
00000000011011100110111101110100
00100000011000110110111101101110
01100100011101010110001101110100
00100000010000010100001100100000
01100011011101010111001001110010
01100101011011100111010001110011
00101110001000000100100101110100
00100000011001000110111101100101
01110011001000000110111001101111
01110100000000000111001001100101
01110110011001010111001001110011
01100101001000000111010001101000
01100101001000000111000001101000
01100001011100110110010100100000
01101111011001100010000001110010
01100101011001100110110001100101
01100011011101000110010101100100
00000000011101110110000101110110
01100101011100110010110000100000
01100001011011100110010000100000
01110100011010000110010100100000
01100101011001100110011001100101
01100011011101000110100101110110
01100101001000000110100101101101
01100001011001110110010100100000
01100011011101010111001001110010
01100101011011100111010001110011
00000000011000010111000001110000
01100101011000010111001000100000
01101001011011100010110101110000
01101000011000010111001101100101
00101100001000000111001001100001
01110100011010000110010101110010
00100000011101000110100001100001
01101110000000000110111101110101
01110100001011010110111101100110
00101101011100000110100001100001
01110011011001010010000001100001
01110011001000000111010001101000
01100101011110010010000001100001
01110010011001010010000001101111
01101110001000000110111001101111
01110010011011010110000101101100
00000000011000110110111101101110
01100100011101010110001101110100
01101111011100100111001100101110
00100000010001100111010101110010
01110100011010000110010101110010
01101101011011110111001001100101
00101100001000000111001101110101
01110010011001100110000101100011
01100101000000000111011101100001
01110110011001010111001100100000
01100100011011110010000001101110
01101111011101000010000001110000
01110010011011110111000001100001
01100111011000010111010001100101
00101100001000000110000101101110
01100100001000000110100101101110
01110011011101000110010101100001
01100100000000000111001001100001
01100100011010010110000101110100
01100101001000000110010101100110
01100110011010010110001101101001
01100101011011100111010001101100
01111001001000000110100101101110
01110100011011110010000001100110
01110010011001010110010100000000
01110011011100000110000101100011
01100101001011100010000001010100
01101000011010010111001100100000
01101110011001010111011100100000
01101101011000010111010001100101
01110010011010010110000101101100
00101100001000000111010001100101
01110010011011010110010101100100
00100000011000010000000001101000
01101001011001110110100000101101
01101001011011010111000001100101
01100100011000010110111001100011
01100101001000000111001101110101
01110010011001100110000101100011
01100101001011000010000001110000
01110010011011110111011001101001
01100100011001010111001100000000
01100001001000000111010101110011
01100101011001100111010101101100
00100000011011100110010101110111
00100000011001110111001001101111
01110101011011100110010000100000
01110000011011000110000101101110
01100101001000000110011001101111
01110010001000000110111001101111
01110110011001010110110000000000
01101100011011110111011100101101
01110000011100100110111101100110
01101001011011000110010100100000
01100001011011100111010001100101
01101110011011100110000101110011
00100000011000010110111001100100
00100000011011110111010001101000
01100101011100100000000001100101
01101100011001010110001101110100
01110010011011110110110101100001
01100111011011100110010101110100
01101001011000110010000001110011
01110100011100100111010101100011
01110100011101010111001001100101
01110011001011100000000001010100
01101000011001010010000001110010
01100101011000110110010101101110
01110100001000000111000001110010
01101111011101000110010101110011
01110100011100110010000001100001
01100010011011110111010101110100
00100000011101000110100001100101
00100000010011010110100101100011
01101000011010010110011101100001
01101101011101010110000100000000
01110011011101000111010101100100
01100101011011100111010000100000
01101111011100100110011101100001
01101110011010010111101001100001
01110100011010010110111101101110
00100000011010000110000101110110
01100101001000000111001001100001
01101001011100110110010101100100
00100000011000010110111000000000
01101001011011010111000001101111
01110010011101000110000101101110
01110100001000000111000101110101
01100101011100110111010001101001
01101111011011100010000001100001
01110011001000000111010001101111
00100000011101000110100001100101
00100000011100000111001001101111
01110000011001010111001000100000
01101110011000010111010001110101
01110010011001010000000001100001
01101110011001000010000001110011
01100011011011110111000001100101
00100000011011110110011000100000
01010101011011100110100101110110
01100101011100100111001101101001
01110100011110010010000001101001
01101110011101100110111101101100
01110110011001010110110101100101
01101110011101000000000001110111
01101001011101000110100000100000
01110011011101000111010101100100
01100101011011100111010000100000
01101111011100100110011101100001
01101110011010010111101001100001
01110100011010010110111101101110
01110011001011100010000001000001
01100011011000110110111101110010
01100100011010010110111001100111
01101100011110010000000001110100
01101000011001010010000001110000
01100001011011100110010101101100
00100000011001000110010101110011
01100011011100100110100101100010
01100101011001000010000001101001
01101110001000000110110101111001
00100000010100110111010001100001
01110100011001010110110101100101
01101110011101000010000001101111
01100110000000000100011001100101
01100010011100100111010101100001
01110010011110010010000000110010
00110101001011000010000000110010
00110000001100000011000000100000
01110100011010000110000101110100
00100000011010010111001100100000
01100011011011110110111001110011
01101001011001000110010101110010
01101001011011100110011100100000
01110100011010000110010100000000
01110001011101010110010101110011
01110100011010010110111101101110
00100000011011110110011000100000
01110000011100100110100101110110
01101001011011000110010101100111
01100101011001000010000001110011
01110000011000010110001101100101
00100000011000010110110001110011
01101111001000000111011101101001
01101100011011000000000001100011
01101111011011100111001101101001
01100100011001010111001000100000
01110101011011100110010001100101
01110010001000000111011101101000
01100001011101000010000001100011
01101001011100100110001101110101
01101101011100110111010001100001
01101110011000110110010101110011
00100000011000010110111001100100
00100000011010010110111000000000
01110111011010000110000101110100
00100000011101110110000101111001
01110011001000000111010001101000
01100101001000000101010101101110
01101001011101100110010101110010
01110011011010010111010001111001
00101100001000000110100101110100
01110011000000000110000101100100
01101101011010010110111001101001
01110011011101000111001001100001
01110100011011110111001001110011
00100000011000010110111001100100
00100000011001100110000101100011
01110101011011000111010001111001
00100000011011010110010101101101
01100010011001010111001001110011
00100000011100110110100001101111
01110101011011000110010000000000
01100010011001010010000001100001
01110011011100110110111101100011
01101001011000010111010001100101
01100100001000000111011101101001
01110100011010000010000001110011
01110101011000110110100000100000
01101111011100100110011101100001
01101110011010010111101001100001
01110100011010010110111101101110
01110011000000000110000101101110
01100100001000000110100101110100
00100000011101110110100101101100
01101100001000000111001001100101
01100011011011110110110101101101
01100101011011100110010000100000
01100111011101010110100101100100
01101001011011100110011100100000
01110000011100100110100101101110
01100011011010010111000001101100
01100101011100110000000001101001
01101110001000000111010001101000
01101001011100110010000001110010
01100101011001110110000101110010
01100100001011100010000001010100
01101000011001010010000001010101
01101110011010010111011001100101
01110010011100110110100101110100
01111001001001110111001100000000
01000101011110000110010101100011
01110101011101000110100101110110
01100101001000000100111101100110
01100110011010010110001101100101
01110010011100110010000001100001
01101110011001000010000001001001
00100000011101110110100101101100
01101100001000000111010001101000
01100101011011100010000001100100
01100101011000110110100101100100
01100101000000000111011101101000
01100101011101000110100001100101
01110010001000000110000101101110
01100100001000000110100001101111
01110111001000000111010001101111
00100000011010010110110101110000
01101100011001010110110101100101
01101110011101000010000001110011
01110101011000110110100000000000
01110000011100100110100101101110
01100011011010010111000001101100
01100101011100110010111000000000
00000000000000000000001001000000
00000000000000000000001001000111
00000000000000000000001001001100
00000000000000000000001001011010
00000000000000000000001001101001
00000000000000000000001001101111
00000000000000000000001001110110
00000000000000000000001001111101
00000000000000000000001010000100
00000000000000000000001010001011
00000000000000000000001010010010
00000000000000000000001010010101
00000000000000000000001010010111
00000000000000000000001010011001
00000000000000000000001011000001
00000000000000000000001011011000
00000000000000000000001011111101
00000000000000000000001100011100
00000000000000000000001100111101
00000000000000000000001101011000
00000000000000000000001101111011
00000000000000000000001110010110
00000000000000000000001110111001
00000000000000000000001111011010
00000000000000000000010000000100
00000000000000000000010000011001
00000000000000000000010000111010
00000000000000000000010001011101
00000000000000000000010010000010
00000000000000000000010010100001
00000000000000000000010011001001
00000000000000000000010011100110
00000000000000000000010100001001
00000000000000000000010100101010
00000000000000000000010101001110
00000000000000000000010101101100
00000000000000000000010110001111
00000000000000000000010110110000
00000000000000000000010111010100
00000000000000000000010111110011
00000000000000000000011000001111
00000000000000000000011000111000
00000000000000000000011001011100
00000000000000000000011010000111
00000000000000000000011010101011
00000000000000000000011011010011
00000000000000000000011011111010
00000000000000000000011100100100
00000000000000000000011101001011
00000000000000000000011101110100
00000000000000000000011110010010
00000000000000000000011110111100
00000000000000000000011111100010
00000000000000000000100000001011
00000000000000000000100000101100
00000000000000000000100001010110
00000000000000000000100001111000
