11111111100000010100000100011100
00000000000100010111001000000100
00000000100000010111000000000100
00000000100000010100010000011100
00000000000000000100001010011100
00000000000001010011001100000100
00000000111000000000000000001000
00000000000100101100001010011100
00000000010101010000010100011100
00000000000001010011001100000100
00000000000000110001010100001100
00000000000000101100010100011100
00000000010000010010000010000100
00000000000000010010010000000100
00000000100000010100000100011100
00000000000000001000000001001000
11111111100000010100000100011100
00000000000100010111001000000100
00000000100000010111000000000100
00000000000000000100001010011100
00000000000000000100001100011100
00000000011001010000010100011100
00000000011001011000010110011100
00000000000001010011001110000100
00000000000001011011111000000100
00000000000100110100001100011100
00000011110000111001000000001100
00000000110000110010110000001100
00000010010000000000000000001000
11111111111100000100001010011100
00000011110000111010001000001100
00000000000100000100001010011100
00000000000000101100010100011100
00000000010000010010000010000100
00000000000000010010010000000100
00000000100000010100000100011100
00000000000000001000000001001000
11111111010000010100000100011100
00000000000100010111010000000100
00000000100000010111001000000100
00000000101000010111000000000100
00000000010000000000000010001000
00000000000001010100100100011100
00000000000000000100001010011100
00001111111100000100001100011100
00000011011000000000000000001000
00000000001000101100001110010000
00000000100100111000001110011100
00000001001000111111000000000100
00000000000100101100001010011100
00000010010100110110100100001100
00000000000000000100001010011100
00000000000010010100001100011100
00000100000000000000000000001000
00000000000000010010001110000100
00000000010100111000001110011100
00000000000000111011001110000100
00000000100100111000001110011100
00000000010110010010111000011100
11111111111111100100111000011100
00000001110000111111000000000100
00000010011000101100110100001100
00000000000000010010100110000100
00000000100000010010000010000100
00000000010000010010010000000100
00000000110000010100000100011100
00000000000000001000000001001000
11111110010000010100000100011100
00000000000100010111110000000100
00000000100000010111101000000100
00000000101000010111100000000100
00000001010000010111011000000100
00000001010100010111010000000100
00000001011000010111001000000100
00000001011100010111000000000100
11111111111110010100101010011100
00000000010000000000000010001000
00000000000001010100101110011100
00000110101000000000000000001000
00000001010010101000101010011100
00000101011110101100100100001100
00000001000000010010001010000100
00000001010100101000001010011100
00000000000000101010001010000100
00000000001000101100001010010000
00000000100100101000001010011100
00000000000000101010001010000100
00000000000000101100101000011100
00000100000010100001100100001100
00000110000010100001011000001100
00000001001010101010001010011100
11111111111100101100001010011100
00000001000000010010001100000100
00000000011000101000001010011100
00000000000000101010001010000100
00000000000000101100101100011100
00000000000010011100010100011100
00000000000010110100010110011100
00000000000010010100011000011100
00000001010000000000000010001000
00000110000001010001010100001100
00000000000010110100010100011100
00000110111000000000000000001000
00000000000110101100101010011100
00000101011110101100101000001100
00000000000000000100010100011100
00000001100000010010000010000100
00000001010000010010010000000100
00000000110000010010101000000100
00000000100000010010101010000100
00000000010000010010101100000100
00000000000000010010101110000100
00000001110000010100000100011100
00000000000000001000000001001000
00010101100000000100101010011100
10001000010000000100101100011100
00000000000000000100101110011100
00000000001010111100010100010000
00000001010101010000010100011100
00000000000001010010010100000100
00000010100000000000000010001000
00000000001010111100010100010000
00000001011001010000010100011100
00000100011000000000000010001000
00000000000001010100110010011100
00000000000110111100101110011100
00000000001010111100001010010000
00000001010100101000001010011100
00000000000000101010001010000100
00000110010100000001110000001100
