00000000000100000100001010011100
00000000000000101000001010111000
00000000101000101000001100111100
00000000011000000000010000001100
00000000000000101100010100011100
00000000000000001000000001001000
00000000101000010111000000000100
10000000010101010000010100110000
11111111100000010100000100011100
00000000000100010111001000000100
11111101010111111111000010001000
00000000100000010100000100011100
11111111110000010010000010000100
00000000000000010010001100000100
00000000101000110000010100110100
00000000000000001000000001001000
00111111111100000100000100011100
01000000000000000010010000000100
01000000100000000111000010000100
00000000000001000000010100111000
11111010110111111111000010001000
10000000000001010000010010111000
01000000100100000111000010000100
